box
200 250 0 250 30 0
box
201 249 0 248 28
box
202 248 0 246 26
box
203 247 0 244 24
box
204 246 0 242 22
box
205 245 0 240 20
box
206 244 0 238 18
box
207 243 0 236 16
box
208 242 0 234 14
box
209 241 0 232 12
box
209 240 0 230 10
box
209 239 0 228 8
box
209 238 0 226 6
box
209 237 0 224 4
box
209 236 0 222 2
box
209 235 0 220 0
line
125 235 0 200 250 0
line
126 235 0 200 249 0
line
127 235 0 200 248 0
line
128 235 0 200 247 0
line
129 235 0 200 246 0
line
130 235 0 200 245 0
line
131 235 0 200 244 0
line
132 235 0 200 243 0
line
133 235 0 200 242 0
line
134 235 0 200 241 0
line
135 235 0 200 240 0
line
136 235 0 200 239 0
line
137 235 0 200 238 0
line
138 235 0 200 237 0
line
139 235 0 200 236 0
line
140 235 0 200 235 0
line
125 235 0 200 234 0
line
126 235 0 200 233 0
line
127 235 0 200 232 0
line
128 235 0 200 220 0
line
129 235 0 200 221 0
line
130 235 0 200 222 0
line
131 235 0 200 223 0
line
132 235 0 200 224 0
line
133 235 0 200 225 0
line
134 235 0 200 226 0
line
135 235 0 200 227 0
line
136 235 0 200 228 0
line
137 235 0 200 229 0
line
138 235 0 200 230 0
line
139 235 0 200 231 0
line
140 235 0 200 232 0
torus
125 235 10 20 100
torus
200 235 20 40 100
torus
300 235 40 60 100
torus
400 235 60 80 100
torus
500 235 80 80 100
sphere
85 235 10 100
#display
save
missile.png